   1 M S   0.466  0.014  0.519
   2 Q S   0.153  0.022  0.825
   3 I S   0.190  0.019  0.791
   4 F S   0.064  0.003  0.933
   5 V S   0.076  0.021  0.903
   6 K S   0.284  0.055  0.661
   7 T S   0.317  0.049  0.633
   8 L U   0.657  0.048  0.295
   9 T U   0.878  0.048  0.074
  10 G U   0.883  0.051  0.067
  11 K U   0.574  0.019  0.408
  12 T S   0.394  0.039  0.568
  13 I S   0.086  0.027  0.888
  14 T S   0.106  0.029  0.865
  15 L S   0.185  0.066  0.749
  16 E S   0.094  0.026  0.881
  17 V S   0.190  0.019  0.791
  18 E S   0.317  0.065  0.619
  19 P U   0.694  0.244  0.062
  20 S U   0.657  0.322  0.021
  21 D H   0.134  0.833  0.034
  22 T H   0.164  0.545  0.292
  23 I H   0.067  0.915  0.018
  24 E H   0.022  0.935  0.043
  25 N H   0.045  0.929  0.026
  26 V H   0.031  0.961  0.008
  27 K H   0.008  0.940  0.052
  28 A H   0.016  0.866  0.118
  29 K H   0.031  0.802  0.166
  30 I H   0.053  0.900  0.046
  31 Q H   0.147  0.804  0.049
  32 D H   0.112  0.815  0.072
  33 K H   0.471  0.465  0.065
  34 E H   0.419  0.484  0.098
  35 G U   0.844  0.059  0.096
  36 I U   0.819  0.071  0.110
  37 P U   0.747  0.134  0.119
  38 P U   0.809  0.157  0.034
  39 D U   0.556  0.412  0.032
  40 Q H   0.207  0.677  0.116
  41 Q H   0.091  0.463  0.445
  42 R S   0.056  0.211  0.733
  43 L S   0.045  0.366  0.589
  44 I S   0.044  0.334  0.622
  45 F H   0.051  0.690  0.258
  46 A H   0.430  0.464  0.106
  47 G U   0.624  0.291  0.085
  48 K U   0.598  0.208  0.194
  49 Q U   0.559  0.096  0.345
  50 L U   0.751  0.142  0.107
  51 E U   0.763  0.151  0.086
  52 D U   0.750  0.153  0.096
  53 G U   0.746  0.160  0.094
  54 R U   0.705  0.111  0.184
  55 T U   0.555  0.180  0.265
  56 L H   0.349  0.547  0.104
  57 S H   0.377  0.443  0.180
  58 D H   0.408  0.425  0.167
  59 Y U   0.484  0.336  0.181
  60 N U   0.806  0.089  0.104
  61 I U   0.766  0.137  0.098
  62 Q U   0.790  0.087  0.123
  63 K U   0.803  0.090  0.107
  64 E U   0.660  0.170  0.170
  65 S U   0.684  0.053  0.263
  66 T S   0.110  0.071  0.819
  67 L S   0.070  0.169  0.760
  68 H S   0.019  0.041  0.940
  69 L S   0.009  0.181  0.810
  70 V S   0.057  0.044  0.898
  71 L S   0.053  0.088  0.859
  72 R S   0.140  0.171  0.689
  73 L S   0.252  0.247  0.500
  74 R U   0.432  0.147  0.422
  75 G U   0.831  0.073  0.096
  76 G U   0.890  0.049  0.061
