# TARGET 78402
# Using neural net overrep-3617-IDaa13-7-10-11-10-11-7-7-ebghtl-seeded3-stride-trained.net
# This is a 4-layer network, with 
#	window	units
#	    7	   10
#	   11	   10
#	   11	    7
#	    7	    6 (1 EBGHTL )
# The input amino acid frequencies were determined from
# alignment /work/robetta/SERVER_FRAGMENT_PICKER/jobs/78402/t000_.uniqueseq.a2m
# with weighted counts, using EntropyWeight(1.4 bits/column, 10)
# The weighting was determined by the posterior distribution
# after regularizing with recode3.20comp.
# Counts were regularized to probabilities using
# recode3.20comp
# Total sequence weight for alignment was 10.616
#
Pos	AA	E	H	L
10N	1S	5N	5N	5N
       0	M	   0.036	   0.003	   0.961
       1	Q	   0.459	   0.008	   0.533
       2	I	    0.84	   0.007	   0.154
       3	F	   0.944	   0.006	   0.049
       4	V	   0.946	   0.004	   0.049
       5	K	   0.866	   0.004	    0.13
       6	T	   0.689	   0.009	   0.303
       7	L	   0.389	    0.02	   0.591
       8	T	   0.236	   0.022	   0.742
       9	G	   0.251	   0.017	   0.731
      10	K	    0.41	   0.009	   0.581
      11	T	   0.777	   0.008	   0.215
      12	I	    0.92	   0.004	   0.076
      13	T	   0.947	   0.002	    0.05
      14	L	   0.948	   0.002	    0.05
      15	E	   0.898	   0.003	   0.099
      16	V	   0.764	   0.007	   0.229
      17	E	   0.521	   0.011	   0.468
      18	P	   0.172	   0.039	   0.789
      19	S	   0.081	   0.107	   0.811
      20	D	   0.089	   0.066	   0.846
      21	T	   0.089	   0.117	   0.794
      22	I	   0.007	   0.847	   0.146
      23	E	   0.003	   0.932	   0.064
      24	N	   0.005	   0.932	   0.062
      25	V	   0.004	   0.953	   0.043
      26	K	   0.004	   0.961	   0.036
      27	A	   0.002	   0.986	   0.012
      28	K	   0.003	   0.985	   0.013
      29	I	   0.003	   0.979	   0.018
      30	Q	   0.006	   0.955	   0.039
      31	D	    0.01	   0.896	   0.093
      32	K	   0.008	   0.828	   0.165
      33	E	   0.012	   0.611	   0.378
      34	G	   0.008	   0.025	   0.967
      35	I	   0.055	   0.015	   0.931
      36	P	   0.022	   0.008	    0.97
      37	P	   0.016	   0.546	   0.437
      38	D	   0.011	   0.616	   0.374
      39	Q	    0.03	   0.698	   0.273
      40	Q	   0.256	    0.34	   0.405
      41	R	   0.643	   0.126	   0.231
      42	L	   0.843	   0.043	   0.114
      43	I	   0.874	   0.031	   0.095
      44	F	   0.718	   0.034	   0.249
      45	A	   0.243	   0.034	   0.723
      46	G	   0.109	   0.064	   0.827
      47	K	   0.431	   0.037	   0.532
      48	Q	   0.536	   0.081	   0.384
      49	L	   0.346	   0.094	   0.559
      50	E	   0.121	   0.072	   0.806
      51	D	   0.039	    0.05	   0.913
      52	G	   0.061	   0.031	   0.908
      53	R	   0.258	   0.022	    0.72
      54	T	   0.361	   0.034	   0.606
      55	L	   0.319	   0.248	   0.433
      56	S	   0.132	   0.486	   0.382
      57	D	   0.073	   0.531	   0.396
      58	Y	   0.089	   0.423	   0.489
      59	N	   0.069	   0.063	   0.868
      60	I	   0.215	   0.055	   0.731
      61	Q	   0.245	    0.07	   0.686
      62	K	   0.113	   0.052	   0.835
      63	E	   0.177	   0.038	   0.784
      64	S	   0.457	   0.026	   0.518
      65	T	   0.844	   0.022	   0.134
      66	L	   0.915	   0.013	   0.073
      67	H	   0.942	   0.012	   0.046
      68	L	   0.953	    0.02	   0.027
      69	V	   0.956	   0.019	   0.024
      70	L	   0.907	   0.028	   0.065
      71	R	   0.822	    0.03	   0.148
      72	L	    0.35	   0.082	   0.568
      73	R	   0.113	   0.053	   0.833
      74	G	   0.046	   0.064	   0.891
      75	G	   0.003	   0.004	   0.993
